# UV-VIS Spectrum
# X-Axis:  Excitation Energy (nm)
# Y-Axis:  Epsilon
#                  X                   Y               DY/DX
       96.0000000000        0.0000000000        0.0000000000
      114.0000000000        0.0000000000        0.0000000000
      132.0000000000        0.0000000000        0.0000000000
      150.0000000000        0.0000000000        0.0000000000
      168.0000000000        0.0000000000        0.0000000000
      186.0000000000        0.0000000000        0.0000000000
      204.0000000000        0.0000000000        0.0000000000
      222.0000000000        0.0000000000        0.0000000000
      240.0000000000        0.0000000000        0.0000000000
      258.0000000000        0.0000000000        0.0000000000
      276.0000000000        0.0000000000        0.0000000000
      294.0000000000        0.0000000014        0.0000000000
      312.0000000000        0.0000005379        0.0000000000
      330.0000000000        0.0000587157        0.0000000000
      348.0000000000        0.0024177255        0.0000000010
      366.0000000000        0.0465239152        0.0000003497
      384.0000000000        0.4918157337        0.0000341241
      402.0000000000        3.2324533819        0.0012399686
      420.0000000000       14.5376267642        0.0204099366
      438.0000000000       48.2270041296        0.1771937139
      456.0000000000      125.2346490819        0.9141241877
      474.0000000000      266.9370094223        3.0790125730
      492.0000000000      485.2307793454        7.2988545165
      510.0000000000      775.9118273252       12.9346789454
      528.0000000000     1119.3838029256       18.0005451535
      546.0000000000     1487.3531970072       20.4933022574
      564.0000000000     1851.0980103445       19.7702636529
      582.0000000000     2187.5410867118       16.6877473638
      600.0000000000     2481.7772011572       12.7207588369
      618.0000000000     2726.6984265934        9.0565438564
      636.0000000000     2921.1166736804        6.2354590887
      654.0000000000     3067.5932643218        4.2642511381
      672.0000000000     3170.6502504945        2.8904024276
      690.0000000000     3235.5653214498        1.8245549802
      708.0000000000     3267.6813525595        0.8540179933
      726.0000000000     3272.0687344157       -0.1277787460
      744.0000000000     3253.3881607737       -1.1366099174
      762.0000000000     3215.8485444386       -2.1296389114
      780.0000000000     3163.2018638655       -3.0389846890
      798.0000000000     3098.7498608281       -3.7989070661
      816.0000000000     3025.3556389971       -4.3633280476
      834.0000000000     2945.4605290827       -4.7134152996
      852.0000000000     2861.1078665040       -4.8570127681
      870.0000000000     2773.9741384328       -4.8227677352
      888.0000000000     2685.4063651328       -4.6519119635
      906.0000000000     2596.4634901906       -4.3900815725
      924.0000000000     2507.9591663258       -4.0806839353
      942.0000000000     2420.5035052161       -3.7604617973
      960.0000000000     2334.5418787652       -3.4572526849
      978.0000000000     2250.3895026928       -3.1895524363
      996.0000000000     2168.2611519696       -2.9673349949
     1014.0000000000     2088.2958686563       -2.7935872706
     1032.0000000000     2010.5768953997       -2.6661150774
     1050.0000000000     1935.1473052510       -2.5793061199
     1068.0000000000     1862.0219216511       -2.5256613281
     1086.0000000000     1791.1961590275       -2.4970074899
     1104.0000000000     1722.6523917610       -2.4853762151
     1122.0000000000     1656.3644006120       -2.4835787445
     1140.0000000000     1592.3003690744       -2.4855286004
     1158.0000000000     1530.4248203547       -2.4863710269
     1176.0000000000     1470.6998070553       -2.4824754231
     1194.0000000000     1413.0855949761       -2.4713390764
     1212.0000000000     1357.5410219737       -2.4514406355
     1230.0000000000     1304.0236630639       -2.4220719235
     1248.0000000000     1252.4898933751       -2.3831679640
     1266.0000000000     1202.8949100504       -2.3351479541
     1284.0000000000     1155.1927513756       -2.2787744250
     1302.0000000000     1109.3363348918       -2.2150338527
     1320.0000000000     1065.2775247165       -2.1450392624
     1338.0000000000     1022.9672306032       -2.0699536488
     1356.0000000000      982.3555364443       -1.9909320543
     1374.0000000000      943.3918531818       -1.9090796941
     1392.0000000000      906.0250898095       -1.8254234165
     1410.0000000000      870.2038358552       -1.7408939103
     1428.0000000000      835.8765490612       -1.6563163203
     1446.0000000000      802.9917426786       -1.5724072372
     1464.0000000000      771.4981676685       -1.4897763543
     1482.0000000000      741.3449860405       -1.4089313919
     1500.0000000000      712.4819324676       -1.3302851726
     1518.0000000000      684.8594621523       -1.2541639783
     1536.0000000000      658.4288836585       -1.1808165289
     1554.0000000000      633.1424760432       -1.1104230940
     1572.0000000000      608.9535901389       -1.0431043922
     1590.0000000000      585.8167342450       -0.9789300401
     1608.0000000000      563.6876447973       -0.9179264013
     1626.0000000000      542.5233428186       -0.8600837497
     1644.0000000000      522.2821771076       -0.8053627113
     1662.0000000000      502.9238552278       -0.7536999825
     1680.0000000000      484.4094634064       -0.7050133478
     1698.0000000000      466.7014764707       -0.6592060362
     1716.0000000000      449.7637589327       -0.6161704657
     1734.0000000000      433.5615582952       -0.5757914286
     1752.0000000000      418.0614916016       -0.5379487753
     1770.0000000000      403.2315261872       -0.5025196514
     1788.0000000000      389.0409555191       -0.4693803411
     1806.0000000000      375.4603709406       -0.4384077670
     1824.0000000000      362.4616300585       -0.4094806931
     1842.0000000000      350.0178224416       -0.3824806720
     1860.0000000000      338.1032332265       -0.3572927743
     1878.0000000000      326.6933051585       -0.3338061345
     1896.0000000000      315.7645995342       -0.3119143414
     1914.0000000000      305.2947564523       -0.2915157005
     1932.0000000000      295.2624547246       -0.2725133901
     1950.0000000000      285.6473717517       -0.2548155303
     1968.0000000000      276.4301436203       -0.2383351826
     1986.0000000000      267.5923256412       -0.2229902926
     2004.0000000000      259.1163535102       -0.2087035902
     2022.0000000000      250.9855052410       -0.1954024548
     2040.0000000000      243.1838639925       -0.1830187560
     2058.0000000000      235.6962818866       -0.1714886764
     2076.0000000000      228.5083448917       -0.1607525214
     2094.0000000000      221.6063388270       -0.1507545223
     2112.0000000000      214.9772165283       -0.1414426351
     2130.0000000000      208.6085661990       -0.1327683389
     2148.0000000000      202.4885809600       -0.1246864371
     2166.0000000000      196.6060296020       -0.1171548610
     2184.0000000000      190.9502285339       -0.1101344802
     2202.0000000000      185.5110149140       -0.1035889188
     2220.0000000000      180.2787209463       -0.0974843784
     2238.0000000000      175.2441493169       -0.0917894703
     2256.0000000000      170.3985497446       -0.0864750544
     2274.0000000000      165.7335966130       -0.0815140868
     2292.0000000000      161.2413676534       -0.0768814766
     2310.0000000000      156.9143236424       -0.0725539496
     2328.0000000000      152.7452890789       -0.0685099208
     2346.0000000000      148.7274338043       -0.0647293749
     2364.0000000000      144.8542555283       -0.0611937537
     2382.0000000000      141.1195632246       -0.0578858518
     2400.0000000000      137.5174613587       -0.0547897179
     2418.0000000000      134.0423349123       -0.0518905640
     2436.0000000000      130.6888351685       -0.0491746803
     2454.0000000000      127.4518662236       -0.0466293556
     2472.0000000000      124.3265721905       -0.0442428044
     2490.0000000000      121.3083250624       -0.0420040978
     2508.0000000000      118.3927132038       -0.0399031006
     2526.0000000000      115.5755304383       -0.0379304123
     2544.0000000000      112.8527657042       -0.0360773123
     2562.0000000000      110.2205932488       -0.0343357098
     2580.0000000000      107.6753633350       -0.0326980968
     2598.0000000000      105.2135934323       -0.0311575046
     2616.0000000000      102.8319598699       -0.0297074637
     2634.0000000000      100.5272899252       -0.0283419671
     2652.0000000000       98.2965543273       -0.0270554355
     2670.0000000000       96.1368601522       -0.0258426857
     2688.0000000000       94.0454440897       -0.0246989015
     2706.0000000000       92.0196660625       -0.0236196060
     2724.0000000000       90.0570031783       -0.0226006370
     2742.0000000000       88.1550439975       -0.0216381238
     2760.0000000000       86.3114830998       -0.0207284652
     2778.0000000000       84.5241159334       -0.0198683105
     2796.0000000000       82.7908339316       -0.0190545405
     2814.0000000000       81.1096198829       -0.0182842507
     2832.0000000000       79.4785435407       -0.0175547361
     2850.0000000000       77.8957574594       -0.0168634762
     2868.0000000000       76.3594930457       -0.0162081216
     2886.0000000000       74.8680568121       -0.0155864820
     2904.0000000000       73.4198268232       -0.0149965146
     2922.0000000000       72.0132493234       -0.0144363134
     2940.0000000000       70.6468355368       -0.0139040994
     2958.0000000000       69.3191586296       -0.0133982118
     2976.0000000000       68.0288508270       -0.0129170993
     2994.0000000000       66.7746006755       -0.0124593124
     3012.0000000000       65.5551504434       -0.0120234964
     3030.0000000000       64.3692936518       -0.0116083845
     3048.0000000000       63.2158727293       -0.0112127920
     3066.0000000000       62.0937767841       -0.0108356101
     3084.0000000000       61.0019394864       -0.0104758010
     3102.0000000000       59.9393370562       -0.0101323929
     3120.0000000000       58.9049863503       -0.0098044752
     3138.0000000000       57.8979430439       -0.0094911948
     3156.0000000000       56.9172999006       -0.0091917518
     3174.0000000000       55.9621851279       -0.0089053958
     3192.0000000000       55.0317608123       -0.0086314231
     3210.0000000000       54.1252214301       -0.0083691729
     3228.0000000000       53.2417924307       -0.0081180248
     3246.0000000000       52.3807288879       -0.0078773960
     3264.0000000000       51.5413142157       -0.0076467389
     3282.0000000000       50.7228589456       -0.0074255386
     3300.0000000000       49.9246995624       -0.0072133108
     3318.0000000000       49.1461973945       -0.0070096001
     3336.0000000000       48.3867375572       -0.0068139775
     3354.0000000000       47.6457279456       -0.0066260392
     3372.0000000000       46.9225982741       -0.0064454050
     3390.0000000000       46.2167991616       -0.0062717163
     3408.0000000000       45.5278012585       -0.0061046352
     3426.0000000000       44.8550944143       -0.0059438430
     3444.0000000000       44.1981868838       -0.0057890390
     3462.0000000000       43.5566045693       -0.0056399393
     3480.0000000000       42.9298902975       -0.0054962759
     3498.0000000000       42.3176031299       -0.0053577956
     3516.0000000000       41.7193177034       -0.0052242590
     3534.0000000000       41.1346236017       -0.0050954400
     3552.0000000000       40.5631247540       -0.0049711246
     3570.0000000000       40.0044388617       -0.0048511104
     3588.0000000000       39.4581968493       -0.0047352056
     3606.0000000000       38.9240423408       -0.0046232289
     3624.0000000000       38.4016311589       -0.0045150083
     3642.0000000000       37.8906308459       -0.0044103809
     3660.0000000000       37.3907202056       -0.0043091922
     3678.0000000000       36.9015888660       -0.0042112957
     3696.0000000000       36.4229368598       -0.0041165525
     3714.0000000000       35.9544742242       -0.0040248306
     3732.0000000000       35.4959206167       -0.0039360047
     3750.0000000000       35.0470049484       -0.0038499558
     3768.0000000000       34.6074650328       -0.0037665707
     3786.0000000000       34.1770472487       -0.0036857420
     3804.0000000000       33.7555062186       -0.0036073674
     3822.0000000000       33.3426044995       -0.0035313495
     3840.0000000000       32.9381122877       -0.0034575958
     3858.0000000000       32.5418071348       -0.0033860182
     3876.0000000000       32.1534736770       -0.0033165325
     3894.0000000000       31.7729033737       -0.0032490588
     3912.0000000000       31.3998942591       -0.0031835209
     3930.0000000000       31.0342507017       -0.0031198458
     3948.0000000000       30.6757831756       -0.0030579643
     3966.0000000000       30.3243080400       -0.0029978102
     3984.0000000000       29.9796473278       -0.0029393201
     4002.0000000000       29.6416285431       -0.0028824338
     4020.0000000000       29.3100844663       -0.0028270935
     4038.0000000000       28.9848529674       -0.0027732441
     4056.0000000000       28.6657768270       -0.0027208330
     4074.0000000000       28.3527035633       -0.0026698097
     4092.0000000000       28.0454852674       -0.0026201261
     4110.0000000000       27.7439784438       -0.0025717359
     4128.0000000000       27.4480438580       -0.0025245949
     4146.0000000000       27.1575463897       -0.0024786610
     4164.0000000000       26.8723548916       -0.0024338936
     4182.0000000000       26.5923420539       -0.0023902537
     4200.0000000000       26.3173842740       -0.0023477042
     4218.0000000000       26.0473615309       -0.0023062094
     4236.0000000000       25.7821572649       -0.0022657350
     4254.0000000000       25.5216582612       -0.0022262482
     4272.0000000000       25.2657545387       -0.0021877173
     4290.0000000000       25.0143392423       -0.0021501122
     4308.0000000000       24.7673085397       -0.0021134036
     4326.0000000000       24.5245615218       -0.0020775636
     4344.0000000000       24.2860001069       -0.0020425654
     4362.0000000000       24.0515289484       -0.0020083831
     4380.0000000000       23.8210553461       -0.0019749919
     4398.0000000000       23.5944891604       -0.0019423678
     4416.0000000000       23.3717427303       -0.0019104879
     4434.0000000000       23.1527307933       -0.0018793299
     4452.0000000000       22.9373704092       -0.0018488727
     4470.0000000000       22.7255808867       -0.0018190956
     4488.0000000000       22.5172837113       -0.0017899789
     4506.0000000000       22.3124024778       -0.0017615035
     4524.0000000000       22.1108628232       -0.0017336510
     4542.0000000000       21.9125923638       -0.0017064037
     4560.0000000000       21.7175206330       -0.0016797446
     4578.0000000000       21.5255790223       -0.0016536571
     4596.0000000000       21.3367007238       -0.0016281253
     4614.0000000000       21.1508206754       -0.0016031339
     4632.0000000000       20.9678755068       -0.0015786680
     4650.0000000000       20.7878034885       -0.0015547133
     4668.0000000000       20.6105444822       -0.0015312561
     4686.0000000000       20.4360398920       -0.0015082828
     4704.0000000000       20.2642326193       -0.0014857807
     4722.0000000000       20.0950670168       -0.0014637372
     4740.0000000000       19.9284888462       -0.0014421402
     4758.0000000000       19.7644452357       -0.0014209781
     4776.0000000000       19.6028846402       -0.0014002396
     4794.0000000000       19.4437568020       -0.0013799137
     4812.0000000000       19.2870127132       -0.0013599899
     4830.0000000000       19.1326045790       -0.0013404579
     4848.0000000000       18.9804857829       -0.0013213078
     4866.0000000000       18.8306108522       -0.0013025300
     4884.0000000000       18.6829354254       -0.0012841152
     4902.0000000000       18.5374162201       -0.0012660544
     4920.0000000000       18.3940110022       -0.0012483388
     4938.0000000000       18.2526785561       -0.0012309600
     4956.0000000000       18.1133786560       -0.0012139097
     4974.0000000000       17.9760720377       -0.0011971801
     4992.0000000000       17.8407203717       -0.0011807634
     5010.0000000000       17.7072862373       -0.0011646520
     5028.0000000000       17.5757330966       -0.0011488388
     5046.0000000000       17.4460252708       -0.0011333166
     5064.0000000000       17.3181279159       -0.0011180787
     5082.0000000000       17.1920069998       -0.0011031184
     5100.0000000000       17.0676292803       -0.0010884291
     5118.0000000000       16.9449622831       -0.0010740047
     5136.0000000000       16.8239742814       -0.0010598391
     5154.0000000000       16.7046342750       -0.0010459263
     5172.0000000000       16.5869119715       -0.0010322606
     5190.0000000000       16.4707777666       -0.0010188364
     5208.0000000000       16.3562027259       -0.0010056483
     5226.0000000000       16.2431585670       -0.0009926910
     5244.0000000000       16.1316176424       -0.0009799594
     5262.0000000000       16.0215529224       -0.0009674484
     5280.0000000000       15.9129379789       -0.0009551532
     5298.0000000000       15.8057469698       -0.0009430691
     5316.0000000000       15.6999546232       -0.0009311914
     5334.0000000000       15.5955362232       -0.0009195158
     5352.0000000000       15.4924675948       -0.0009080378
     5370.0000000000       15.3907250905       -0.0008967532
     5388.0000000000       15.2902855764       -0.0008856579
     5406.0000000000       15.1911264188       -0.0008747479
     5424.0000000000       15.0932254721       -0.0008640192
     5442.0000000000       14.9965610656       -0.0008534680
     5460.0000000000       14.9011119921       -0.0008430907
     5478.0000000000       14.8068574958       -0.0008328835
     5496.0000000000       14.7137772608       -0.0008228430
     5514.0000000000       14.6218514008       -0.0008129657
     5532.0000000000       14.5310604475       -0.0008032483
     5550.0000000000       14.4413853408       -0.0007936875
     5568.0000000000       14.3528074182       -0.0007842802
     5586.0000000000       14.2653084054       -0.0007750231
     5604.0000000000       14.1788704067       -0.0007659133
     5622.0000000000       14.0934758954       -0.0007569479
     5640.0000000000       14.0091077051       -0.0007481239
     5658.0000000000       13.9257490207       -0.0007394385
     5676.0000000000       13.8433833701       -0.0007308891
     5694.0000000000       13.7619946158       -0.0007224728
     5712.0000000000       13.6815669468       -0.0007141872
     5730.0000000000       13.6020848709       -0.0007060296
     5748.0000000000       13.5235332071       -0.0006979975
     5766.0000000000       13.4458970778       -0.0006900886
     5784.0000000000       13.3691619022       -0.0006823004
     5802.0000000000       13.2933133888       -0.0006746307
     5820.0000000000       13.2183375289       -0.0006670772
     5838.0000000000       13.1442205899       -0.0006596376
     5856.0000000000       13.0709491086       -0.0006523098
     5874.0000000000       12.9985098852       -0.0006450917
     5892.0000000000       12.9268899771       -0.0006379812
     5910.0000000000       12.8560766930       -0.0006309764
     5928.0000000000       12.7860575869       -0.0006240752
     5946.0000000000       12.7168204528       -0.0006172757
     5964.0000000000       12.6483533190       -0.0006105760
     5982.0000000000       12.5806444427       -0.0006039744
