# UV-VIS Spectrum
# X-Axis:  Excitation Energy (nm)
# Y-Axis:  Epsilon
#                  X                   Y               DY/DX
      104.0000000000        0.0000000000        0.0000000000
      120.0000000000        0.0000000000        0.0000000000
      136.0000000000        0.0000000000        0.0000000000
      152.0000000000        0.0000000000        0.0000000000
      168.0000000000        0.0000000000        0.0000000000
      184.0000000000        0.0000000000        0.0000000000
      200.0000000000        0.0000000000        0.0000000000
      216.0000000000        0.0000000000        0.0000000000
      232.0000000000        0.0000000000        0.0000000000
      248.0000000000        0.0000000003        0.0000000000
      264.0000000000        0.0000005958        0.0000000000
      280.0000000000        0.0001952271        0.0000000000
      296.0000000000        0.0164993548        0.0000000388
      312.0000000000        0.4973781093        0.0000281214
      328.0000000000        6.7969572739        0.0038115926
      344.0000000000       50.3673669750        0.1412129159
      360.0000000000      231.6913314176        1.9144738923
      376.0000000000      733.5003419041       11.9086144674
      392.0000000000     1730.7333533590       40.3793567312
      408.0000000000     3239.5178816583       84.5862047063
      424.0000000000     5053.4789631894      119.0412750763
      440.0000000000     6834.0300940555      117.9310443290
      456.0000000000     8269.0768041523       82.0557568018
      472.0000000000     9181.6495914546       33.9458359704
      488.0000000000     9546.8398908740       -5.9766087061
      504.0000000000     9447.7043187194      -31.1913299189
      520.0000000000     9016.7805161010      -44.3741400966
      536.0000000000     8390.9433005495      -49.6143922800
      552.0000000000     7686.0866834964      -49.3442289082
      568.0000000000     6987.4501534867      -44.8228659296
      584.0000000000     6349.3864931145      -37.1712836379
      600.0000000000     5799.8361217138      -27.7532288154
      616.0000000000     5346.6063923692      -18.0399278390
      632.0000000000     4983.8174239290       -9.3337838658
      648.0000000000     4697.6215344413       -2.5558257627
      664.0000000000     4470.7603710287        1.8450535066
      680.0000000000     4285.8322848082        3.8678891305
      696.0000000000     4127.3520029104        3.8537275990
      712.0000000000     3982.8088746642        2.3418021115
      728.0000000000     3842.9806458249       -0.0708954248
      744.0000000000     3701.7552839963       -2.8382300678
      760.0000000000     3555.6754338033       -5.5300024666
      776.0000000000     3403.3679270223       -7.8557995055
      792.0000000000     3244.9682912537       -9.6580837626
      808.0000000000     3081.6053563403      -10.8873444653
      824.0000000000     2914.9770135248      -11.5705454620
      840.0000000000     2747.0249375611      -11.7807316786
      856.0000000000     2579.7019683815      -11.6121192070
      872.0000000000     2414.8186138188      -11.1621766061
      888.0000000000     2253.9525914291      -10.5203786061
      904.0000000000     2098.4056655353       -9.7623839809
      920.0000000000     1949.1939110227       -8.9481096745
      936.0000000000     1807.0600375816       -8.1222816901
      952.0000000000     1672.4989757980       -7.3163308348
      968.0000000000     1545.7902534106       -6.5508299062
      984.0000000000     1427.0326407849       -5.8379626139
     1000.0000000000     1316.1780890206       -5.1837426526
     1016.0000000000     1213.0631501089       -4.5898603168
     1032.0000000000     1117.4369111953       -4.0551338603
     1048.0000000000     1028.9850571660       -3.5765980224
     1064.0000000000      947.3500575880       -3.1502869653
     1080.0000000000      872.1477077752       -2.7717748966
     1096.0000000000      802.9803821126       -2.4365333663
     1112.0000000000      739.4474140714       -2.1401552660
     1128.0000000000      681.1530265929       -1.8784853500
     1144.0000000000      627.7122168739       -1.6476874903
     1160.0000000000      578.7549637987       -1.4442707080
     1176.0000000000      533.9290829725       -1.2650895260
     1192.0000000000      492.9020091407       -1.1073292522
     1208.0000000000      455.3617421690       -0.9684832131
     1224.0000000000      421.0171526772       -0.8463264193
     1240.0000000000      389.5978077836       -0.7388884120
     1256.0000000000      360.8534465382       -0.6444268884
     1272.0000000000      334.5532083669       -0.5614029602
     1288.0000000000      310.4846958874       -0.4884584406
     1304.0000000000      288.4529353239       -0.4243952752
     1320.0000000000      268.2792829586       -0.3681570777
     1336.0000000000      249.8003141140       -0.3188126464
     1352.0000000000      232.8667216225       -0.2755413037
     1368.0000000000      217.3422431822       -0.2376198871
     1384.0000000000      203.1026310865       -0.2044112231
     1400.0000000000      190.0346732225       -0.1753539290
     1416.0000000000      178.0352707210       -0.1499533954
     1432.0000000000      167.0105749769       -0.1277738221
     1448.0000000000      156.8751847854       -0.1084311868
     1464.0000000000      147.5514028904       -0.0915870446
     1480.0000000000      138.9685502195       -0.0769430629
     1496.0000000000      131.0623353772       -0.0642362079
     1512.0000000000      123.7742765138       -0.0532345083
     1528.0000000000      117.0511724239       -0.0437333296
     1544.0000000000      110.8446196040       -0.0355520982
     1560.0000000000      105.1105719774       -0.0285314232
     1576.0000000000       99.8089400517       -0.0225305688
     1592.0000000000       94.9032263787       -0.0174252337
     1608.0000000000       90.3601943311       -0.0131056017
     1624.0000000000       86.1495673739       -0.0094746302
     1640.0000000000       82.2437561856       -0.0064465468
     1656.0000000000       78.6176111655       -0.0039455289
     1672.0000000000       75.2481980472       -0.0019045433
     1688.0000000000       72.1145945123       -0.0002643258
     1704.0000000000       69.1977058732        0.0010275157
     1720.0000000000       66.4800980530        0.0020172916
     1736.0000000000       63.9458462448        0.0027459260
     1752.0000000000       61.5803977758        0.0032495708
     1768.0000000000       59.3704478337        0.0035601466
     1784.0000000000       57.3038268351        0.0037058207
     1800.0000000000       55.3693983304        0.0037114301
     1816.0000000000       53.5569664399        0.0035988552
     1832.0000000000       51.8571919143        0.0033873507
     1848.0000000000       50.2615159950        0.0030938396
     1864.0000000000       48.7620913321        0.0027331731
     1880.0000000000       47.3517192856        0.0023183624
     1896.0000000000       46.0237930028        0.0018607836
     1912.0000000000       44.7722457227        0.0013703609
     1928.0000000000       43.5915038104        0.0008557288
     1944.0000000000       42.4764440737        0.0003243774
     1960.0000000000       41.4223549565       -0.0002172190
     1976.0000000000       40.4249012446       -0.0007634867
     1992.0000000000       39.4800919519       -0.0013096500
     2008.0000000000       38.5842510895       -0.0018516398
     2024.0000000000       37.7339910482       -0.0023860118
     2040.0000000000       36.9261883508       -0.0029098738
     2056.0000000000       36.1579615536       -0.0034208207
     2072.0000000000       35.4266510986       -0.0039168763
     2088.0000000000       34.7298009360       -0.0043964417
     2104.0000000000       34.0651417550       -0.0048582492
     2120.0000000000       33.4305756750       -0.0053013206
     2136.0000000000       32.8241622641       -0.0057249311
     2152.0000000000       32.2441057646       -0.0061285762
     2168.0000000000       31.6887434161       -0.0065119427
     2184.0000000000       31.1565347771       -0.0068748828
     2200.0000000000       30.6460519560       -0.0072173908
     2216.0000000000       30.1559706693       -0.0075395831
     2232.0000000000       29.6850620549       -0.0078416796
     2248.0000000000       29.2321851714       -0.0081239878
     2264.0000000000       28.7962801253       -0.0083868884
     2280.0000000000       28.3763617688       -0.0086308229
     2296.0000000000       27.9715139196       -0.0088562826
     2312.0000000000       27.5808840569       -0.0090637983
     2328.0000000000       27.2036784518       -0.0092539325
     2344.0000000000       26.8391576954       -0.0094272712
     2360.0000000000       26.4866325896       -0.0095844175
     2376.0000000000       26.1454603704       -0.0097259862
     2392.0000000000       25.8150412345       -0.0098525985
     2408.0000000000       25.4948151442       -0.0099648777
     2424.0000000000       25.1842588864       -0.0100634459
     2440.0000000000       24.8828833651       -0.0101489201
     2456.0000000000       24.5902311072       -0.0102219104
     2472.0000000000       24.3058739641       -0.0102830171
     2488.0000000000       24.0294109930       -0.0103328290
     2504.0000000000       23.7604665027       -0.0103719218
     2520.0000000000       23.4986882506       -0.0104008571
     2536.0000000000       23.2437457785       -0.0104201808
     2552.0000000000       22.9953288758       -0.0104304230
     2568.0000000000       22.7531461603       -0.0104320967
     2584.0000000000       22.5169237656       -0.0104256981
     2600.0000000000       22.2864041287       -0.0104117057
     2616.0000000000       22.0613448681       -0.0103905804
     2632.0000000000       21.8415177455       -0.0103627657
     2648.0000000000       21.6267077052       -0.0103286873
     2664.0000000000       21.4167119843       -0.0102887535
     2680.0000000000       21.2113392882       -0.0102433555
     2696.0000000000       21.0104090272       -0.0101928676
     2712.0000000000       20.8137506076       -0.0101376474
     2728.0000000000       20.6212027753       -0.0100780362
     2744.0000000000       20.4326130060       -0.0100143597
     2760.0000000000       20.2478369397       -0.0099469278
     2776.0000000000       20.0667378549       -0.0098760359
     2792.0000000000       19.8891861805       -0.0098019644
     2808.0000000000       19.7150590427       -0.0097249801
     2824.0000000000       19.5442398429       -0.0096453358
     2840.0000000000       19.3766178651       -0.0095632716
     2856.0000000000       19.2120879116       -0.0094790147
     2872.0000000000       19.0505499628       -0.0093927804
     2888.0000000000       18.8919088611       -0.0093047722
     2904.0000000000       18.7360740156       -0.0092151825
     2920.0000000000       18.5829591283       -0.0091241929
     2936.0000000000       18.4324819372       -0.0090319748
     2952.0000000000       18.2845639780       -0.0089386898
     2968.0000000000       18.1391303608       -0.0088444900
     2984.0000000000       17.9961095625       -0.0087495185
     3000.0000000000       17.8554332320       -0.0086539101
     3016.0000000000       17.7170360091       -0.0085577912
     3032.0000000000       17.5808553548       -0.0084612804
     3048.0000000000       17.4468313927       -0.0083644891
     3064.0000000000       17.3149067603       -0.0082675213
     3080.0000000000       17.1850264707       -0.0081704746
     3096.0000000000       17.0571377825       -0.0080734402
     3112.0000000000       16.9311900779       -0.0079765030
     3128.0000000000       16.8071347487       -0.0078797424
     3144.0000000000       16.6849250898       -0.0077832322
     3160.0000000000       16.5645161986       -0.0076870411
     3176.0000000000       16.4458648809       -0.0075912328
     3192.0000000000       16.3289295632       -0.0074958665
     3208.0000000000       16.2136702094       -0.0074009969
     3224.0000000000       16.1000482432       -0.0073066745
     3240.0000000000       15.9880264747       -0.0072129460
     3256.0000000000       15.8775690322       -0.0071198542
     3272.0000000000       15.7686412971       -0.0070274385
     3288.0000000000       15.6612098433       -0.0069357351
     3304.0000000000       15.5552423798       -0.0068447768
     3320.0000000000       15.4507076970       -0.0067545936
     3336.0000000000       15.3475756155       -0.0066652128
     3352.0000000000       15.2458169388       -0.0065766588
     3368.0000000000       15.1454034077       -0.0064889539
     3384.0000000000       15.0463076578       -0.0064021177
     3400.0000000000       14.9485031795       -0.0063161679
     3416.0000000000       14.8519642798       -0.0062311201
     3432.0000000000       14.7566660464       -0.0061469877
     3448.0000000000       14.6625843142       -0.0060637828
     3464.0000000000       14.5696956328       -0.0059815152
     3480.0000000000       14.4779772366       -0.0059001937
     3496.0000000000       14.3874070157       -0.0058198251
     3512.0000000000       14.2979634889       -0.0057404151
     3528.0000000000       14.2096257783       -0.0056619681
     3544.0000000000       14.1223735844       -0.0055844871
     3560.0000000000       14.0361871632       -0.0055079741
     3576.0000000000       13.9510473044       -0.0054324301
     3592.0000000000       13.8669353104       -0.0053578548
     3608.0000000000       13.7838329765       -0.0052842475
     3624.0000000000       13.7017225725       -0.0052116060
     3640.0000000000       13.6205868243       -0.0051399279
     3656.0000000000       13.5404088975       -0.0050692098
     3672.0000000000       13.4611723807       -0.0049994475
     3688.0000000000       13.3828612708       -0.0049306364
     3704.0000000000       13.3054599577       -0.0048627712
     3720.0000000000       13.2289532108       -0.0047958460
     3736.0000000000       13.1533261658       -0.0047298547
     3752.0000000000       13.0785643116       -0.0046647903
     3768.0000000000       13.0046534787       -0.0046006459
     3784.0000000000       12.9315798273       -0.0045374137
     3800.0000000000       12.8593298367       -0.0044750859
     3816.0000000000       12.7878902944       -0.0044136544
     3832.0000000000       12.7172482862       -0.0043531106
     3848.0000000000       12.6473911869       -0.0042934458
     3864.0000000000       12.5783066504       -0.0042346510
     3880.0000000000       12.5099826018       -0.0041767172
     3896.0000000000       12.4424072282       -0.0041196348
     3912.0000000000       12.3755689712       -0.0040633946
     3928.0000000000       12.3094565189       -0.0040079867
     3944.0000000000       12.2440587984       -0.0039534015
     3960.0000000000       12.1793649690       -0.0038996291
     3976.0000000000       12.1153644153       -0.0038466597
     3992.0000000000       12.0520467405       -0.0037944831
     4008.0000000000       11.9894017601       -0.0037430894
     4024.0000000000       11.9274194960       -0.0036924685
     4040.0000000000       11.8660901710       -0.0036426103
     4056.0000000000       11.8054042023       -0.0035935046
     4072.0000000000       11.7453521973       -0.0035451413
     4088.0000000000       11.6859249475       -0.0034975104
     4104.0000000000       11.6271134240       -0.0034506017
     4120.0000000000       11.5689087725       -0.0034044051
     4136.0000000000       11.5113023089       -0.0033589107
     4152.0000000000       11.4542855146       -0.0033141084
     4168.0000000000       11.3978500324       -0.0032699883
     4184.0000000000       11.3419876623       -0.0032265405
     4200.0000000000       11.2866903575       -0.0031837552
     4216.0000000000       11.2319502205       -0.0031416226
     4232.0000000000       11.1777594994       -0.0031001331
     4248.0000000000       11.1241105844       -0.0030592769
     4264.0000000000       11.0709960040       -0.0030190448
     4280.0000000000       11.0184084223       -0.0029794270
     4296.0000000000       10.9663406349       -0.0029404144
     4312.0000000000       10.9147855664       -0.0029019977
     4328.0000000000       10.8637362671       -0.0028641676
     4344.0000000000       10.8131859100       -0.0028269151
     4360.0000000000       10.7631277881       -0.0027902314
     4376.0000000000       10.7135553115       -0.0027541073
     4392.0000000000       10.6644620049       -0.0027185343
     4408.0000000000       10.6158415047       -0.0026835037
     4424.0000000000       10.5676875568       -0.0026490068
     4440.0000000000       10.5199940140       -0.0026150352
     4456.0000000000       10.4727548335       -0.0025815807
     4472.0000000000       10.4259640749       -0.0025486349
     4488.0000000000       10.3796158978       -0.0025161897
     4504.0000000000       10.3337045595       -0.0024842371
     4520.0000000000       10.2882244132       -0.0024527692
     4536.0000000000       10.2431699056       -0.0024217782
     4552.0000000000       10.1985355752       -0.0023912564
     4568.0000000000       10.1543160502       -0.0023611962
     4584.0000000000       10.1105060468       -0.0023315901
     4600.0000000000       10.0671003671       -0.0023024308
     4616.0000000000       10.0240938974       -0.0022737110
     4632.0000000000        9.9814816069       -0.0022454235
     4648.0000000000        9.9392585451       -0.0022175614
     4664.0000000000        9.8974198411       -0.0021901176
     4680.0000000000        9.8559607015       -0.0021630854
     4696.0000000000        9.8148764090       -0.0021364580
     4712.0000000000        9.7741623205       -0.0021102288
     4728.0000000000        9.7338138665       -0.0020843912
     4744.0000000000        9.6938265486       -0.0020589390
     4760.0000000000        9.6541959389       -0.0020338656
     4776.0000000000        9.6149176783       -0.0020091650
     4792.0000000000        9.5759874752       -0.0019848310
     4808.0000000000        9.5374011040       -0.0019608575
     4824.0000000000        9.4991544043       -0.0019372387
     4840.0000000000        9.4612432792       -0.0019139688
     4856.0000000000        9.4236636945       -0.0018910420
     4872.0000000000        9.3864116771       -0.0018684527
     4888.0000000000        9.3494833141       -0.0018461953
     4904.0000000000        9.3128747516       -0.0018242643
     4920.0000000000        9.2765821937       -0.0018026545
     4936.0000000000        9.2406019014       -0.0017813606
     4952.0000000000        9.2049301912       -0.0017603773
     4968.0000000000        9.1695634347       -0.0017396996
     4984.0000000000        9.1344980572       -0.0017193224
