# UV-VIS Spectrum
# X-Axis:  Excitation Energy (nm)
# Y-Axis:  Epsilon
#                  X                   Y               DY/DX
      100.0000000000        0.0000000000        0.0000000000
      114.0000000000        0.0000000000        0.0000000000
      128.0000000000        0.0000000000        0.0000000000
      142.0000000000        0.0000000000        0.0000000000
      156.0000000000        0.0000000000        0.0000000000
      170.0000000000        0.0000000000        0.0000000000
      184.0000000000        0.0000000000        0.0000000000
      198.0000000000        0.0000000000        0.0000000000
      212.0000000000        0.0000000000        0.0000000000
      226.0000000000        0.0000000000        0.0000000000
      240.0000000000        0.0000000000        0.0000000000
      254.0000000000        0.0000000130        0.0000000000
      268.0000000000        0.0000054454        0.0000000000
      282.0000000000        0.0006378893        0.0000000001
      296.0000000000        0.0275393208        0.0000000878
      310.0000000000        0.5413927486        0.0000284110
      324.0000000000        5.7020402636        0.0024604363
      338.0000000000       36.4986135926        0.0743023812
      352.0000000000      156.7115429037        0.9642822601
      366.0000000000      487.8867811758        6.3500927152
      380.0000000000     1171.8138386317       24.2094820429
      394.0000000000     2282.2837371065       59.2219058450
      408.0000000000     3753.3980609486      100.4126617338
      422.0000000000     5387.7189015655      124.4814238578
      436.0000000000     6936.5625438019      116.1082720086
      450.0000000000     8192.0246528948       80.7768114995
      464.0000000000     9039.5429482692       37.0707029477
      478.0000000000     9460.7922197256        0.9116959411
      492.0000000000     9506.1054024978      -22.2372933507
      506.0000000000     9260.1764867820      -34.8284998122
      520.0000000000     8815.1743858423      -41.3008071977
      534.0000000000     8254.8339645418      -44.4877597921
      548.0000000000     7647.3652360968      -45.2175256996
      562.0000000000     7043.7283901363      -43.3922750412
      576.0000000000     6478.6243630872      -38.9938823275
      590.0000000000     5972.6897419923      -32.4852246084
      604.0000000000     5535.1607052850      -24.7398508288
      618.0000000000     5166.6420858722      -16.7851237734
      632.0000000000     4861.7561316887       -9.5539149473
      646.0000000000     4611.5029422879       -3.7242178142
      660.0000000000     4405.2149533596        0.3437576613
      674.0000000000     4232.0472417050        2.5928065243
      688.0000000000     4082.0047956552        3.2044929666
      702.0000000000     3946.5551441924        2.5129316557
      716.0000000000     3818.9035304096        0.9188374805
      730.0000000000     3694.0182815722       -1.1813402196
      744.0000000000     3568.4903054327       -3.4441249166
      758.0000000000     3440.2981793038       -5.6049374468
      772.0000000000     3308.5340429221       -7.4848788209
      786.0000000000     3173.1290815721       -8.9839974691
      800.0000000000     3034.6029692227      -10.0668387872
      814.0000000000     2893.8502113632      -10.7451240926
      828.0000000000     2751.9680334418      -11.0609823821
      842.0000000000     2610.1249713462      -11.0727320428
      856.0000000000     2469.4660877864      -10.8440448013
      870.0000000000     2331.0491748032      -10.4365147191
      884.0000000000     2195.8058775605       -9.9051843665
      898.0000000000     2064.5219580883       -9.2963768134
      912.0000000000     1937.8315883635       -8.6471594196
      926.0000000000     1816.2213967590       -7.9858460491
      940.0000000000     1700.0408468464       -7.3330695954
      954.0000000000     1589.5163190295       -6.7030881574
      968.0000000000     1484.7669517962       -6.1051044659
      982.0000000000     1385.8208663783       -5.5444702293
      996.0000000000     1292.6308489444       -5.0237137497
     1010.0000000000     1205.0889098307       -4.5433734568
     1024.0000000000     1123.0393954230       -4.1026466080
     1038.0000000000     1046.2905116137       -3.6998761828
     1052.0000000000      974.6242437275       -3.3329041961
     1066.0000000000      907.8047399625       -2.9993196164
     1080.0000000000      845.5852750516       -2.6966262036
     1094.0000000000      787.7139370858       -2.4223515005
     1108.0000000000      733.9381903999       -2.1741139130
     1122.0000000000      684.0084664691       -1.9496608514
     1136.0000000000      637.6809269471       -1.7468875301
     1150.0000000000      594.7195311556       -1.5638433041
     1164.0000000000      554.8975265644       -1.3987303256
     1178.0000000000      517.9984664499       -1.2498977450
     1192.0000000000      483.8168448908       -1.1158335600
     1206.0000000000      452.1584260952       -0.9951554346
     1220.0000000000      422.8403330640       -0.8866012821
     1234.0000000000      395.6909499025       -0.7890200584
     1248.0000000000      370.5496827271       -0.7013629978
     1262.0000000000      347.2666160191       -0.6226753884
     1276.0000000000      325.7020943610       -0.5520889138
     1290.0000000000      305.7262536460       -0.4888145450
     1304.0000000000      287.2185209468       -0.4321359521
     1318.0000000000      270.0670981550       -0.3814033990
     1332.0000000000      254.1684411358       -0.3360280842
     1346.0000000000      239.4267433850       -0.2954768966
     1360.0000000000      225.7534309327       -0.2592675562
     1374.0000000000      213.0666734209       -0.2269641165
     1388.0000000000      201.2909148322       -0.1981728062
     1402.0000000000      190.3564261874       -0.1725381913
     1416.0000000000      180.1988816198       -0.1497396393
     1430.0000000000      170.7589585230       -0.1294880685
     1444.0000000000      161.9819619227       -0.1115229668
     1458.0000000000      153.8174728074       -0.0956096624
     1472.0000000000      146.2190198462       -0.0815368324
     1486.0000000000      139.1437736987       -0.0691142317
     1500.0000000000      132.5522629685       -0.0581706287
     1514.0000000000      126.4081107490       -0.0485519306
     1528.0000000000      120.6777906537       -0.0401194862
     1542.0000000000      115.3304011934       -0.0327485497
     1556.0000000000      110.3374573631       -0.0263268935
     1570.0000000000      105.6726983178       -0.0207535566
     1584.0000000000      101.3119100440       -0.0159377171
     1598.0000000000       97.2327619772       -0.0117976764
     1612.0000000000       93.4146565604       -0.0082599457
     1626.0000000000       89.8385907884       -0.0052584245
     1640.0000000000       86.4870288391       -0.0027336625
     1654.0000000000       83.3437849433       -0.0006321955
     1668.0000000000       80.3939157011        0.0010940502
     1682.0000000000       77.6236211043        0.0024882932
     1696.0000000000       75.0201535765        0.0035893786
     1710.0000000000       72.5717343908        0.0044322102
     1724.0000000000       70.2674768721        0.0050481391
     1738.0000000000       68.0973158370        0.0054653129
     1752.0000000000       66.0519427628        0.0057089908
     1766.0000000000       64.1227462200        0.0058018257
     1780.0000000000       62.3017571372        0.0057641195
     1794.0000000000       60.5815985018        0.0056140522
     1808.0000000000       58.9554391324        0.0053678889
     1822.0000000000       57.4169511882        0.0050401663
     1836.0000000000       55.9602711060        0.0046438610
     1850.0000000000       54.5799636847        0.0041905414
     1864.0000000000       53.2709890558        0.0036905049
     1878.0000000000       52.0286723029        0.0031529020
     1892.0000000000       50.8486755128        0.0025858485
     1906.0000000000       49.7269720563        0.0019965266
     1920.0000000000       48.6598229171        0.0013912772
     1934.0000000000       47.6437549000        0.0007756824
     1948.0000000000       46.6755405637        0.0001546411
     1962.0000000000       45.7521797381       -0.0004675630
     1976.0000000000       44.8708824964       -0.0010871995
     1990.0000000000       44.0290534627       -0.0017010360
     2004.0000000000       43.2242773473       -0.0023062864
     2018.0000000000       42.4543056096       -0.0029005661
     2032.0000000000       41.7170441575       -0.0034818497
     2046.0000000000       41.0105419994       -0.0040484335
     2060.0000000000       40.3329807722       -0.0045989013
     2074.0000000000       39.6826650750       -0.0051320938
     2088.0000000000       39.0580135433       -0.0056470802
     2102.0000000000       38.4575506062       -0.0061431331
     2116.0000000000       37.8798988697       -0.0066197054
     2130.0000000000       37.3237720786       -0.0070764098
     2144.0000000000       36.7879686102       -0.0075129999
     2158.0000000000       36.2713654581       -0.0079293532
     2172.0000000000       35.7729126667       -0.0083254561
     2186.0000000000       35.2916281827       -0.0087013898
     2200.0000000000       34.8265930895       -0.0090573182
     2214.0000000000       34.3769471953       -0.0093934765
     2228.0000000000       33.9418849474       -0.0097101610
     2242.0000000000       33.5206516475       -0.0100077207
     2256.0000000000       33.1125399445       -0.0102865483
     2270.0000000000       32.7168865837       -0.0105470738
     2284.0000000000       32.3330693931       -0.0107897574
     2298.0000000000       31.9605044873       -0.0110150840
     2312.0000000000       31.5986436749       -0.0112235580
     2326.0000000000       31.2469720512       -0.0114156986
     2340.0000000000       30.9050057641       -0.0115920360
     2354.0000000000       30.5722899399       -0.0117531073
     2368.0000000000       30.2483967558       -0.0118994540
     2382.0000000000       29.9329236500       -0.0120316183
     2396.0000000000       29.6254916574       -0.0121501418
     2410.0000000000       29.3257438625       -0.0122555622
     2424.0000000000       29.0333439615       -0.0123484123
     2438.0000000000       28.7479749230       -0.0124292181
     2452.0000000000       28.4693377436       -0.0124984972
     2466.0000000000       28.1971502886       -0.0125567581
     2480.0000000000       27.9311462128       -0.0126044989
     2494.0000000000       27.6710739555       -0.0126422064
     2508.0000000000       27.4166958041       -0.0126703558
     2522.0000000000       27.1677870221       -0.0126894098
     2536.0000000000       26.9241350351       -0.0126998186
     2550.0000000000       26.6855386730       -0.0127020191
     2564.0000000000       26.4518074625       -0.0126964349
     2578.0000000000       26.2227609673       -0.0126834762
     2592.0000000000       25.9982281719       -0.0126635399
     2606.0000000000       25.7780469075       -0.0126370091
     2620.0000000000       25.5620633142       -0.0126042536
     2634.0000000000       25.3501313403       -0.0125656298
     2648.0000000000       25.1421122736       -0.0125214810
     2662.0000000000       24.9378743034       -0.0124721374
     2676.0000000000       24.7372921113       -0.0124179162
     2690.0000000000       24.5402464881       -0.0123591224
     2704.0000000000       24.3466239763       -0.0122960482
     2718.0000000000       24.1563165345       -0.0122289741
     2732.0000000000       23.9692212238       -0.0121581688
     2746.0000000000       23.7852399146       -0.0120838893
     2760.0000000000       23.6042790113       -0.0120063817
     2774.0000000000       23.4262491945       -0.0119258811
     2788.0000000000       23.2510651802       -0.0118426121
     2802.0000000000       23.0786454928       -0.0117567892
     2816.0000000000       22.9089122535       -0.0116686169
     2830.0000000000       22.7417909811       -0.0115782902
     2844.0000000000       22.5772104052       -0.0114859950
     2858.0000000000       22.4151022911       -0.0113919081
     2872.0000000000       22.2554012753       -0.0112961978
     2886.0000000000       22.0980447109       -0.0111990242
     2900.0000000000       21.9429725229       -0.0111005393
     2914.0000000000       21.7901270715       -0.0110008876
     2928.0000000000       21.6394530239       -0.0109002061
     2942.0000000000       21.4908972343       -0.0107986247
     2956.0000000000       21.3444086302       -0.0106962666
     2970.0000000000       21.1999381059       -0.0105932485
     2984.0000000000       21.0574384221       -0.0104896807
     2998.0000000000       20.9168641119       -0.0103856676
     3012.0000000000       20.7781713913       -0.0102813079
     3026.0000000000       20.6413180759       -0.0101766947
     3040.0000000000       20.5062635017       -0.0100719159
     3054.0000000000       20.3729684509       -0.0099670543
     3068.0000000000       20.2413950816       -0.0098621879
     3082.0000000000       20.1115068619       -0.0097573903
     3096.0000000000       19.9832685071       -0.0096527304
     3110.0000000000       19.8566459214       -0.0095482731
     3124.0000000000       19.7316061415       -0.0094440792
     3138.0000000000       19.6081172848       -0.0093402058
     3152.0000000000       19.4861484996       -0.0092367063
     3166.0000000000       19.3656699179       -0.0091336306
     3180.0000000000       19.2466526114       -0.0090310253
     3194.0000000000       19.1290685496       -0.0089289338
     3208.0000000000       19.0128905599       -0.0088273968
     3222.0000000000       18.8980922903       -0.0087264517
     3236.0000000000       18.7846481739       -0.0086261335
     3250.0000000000       18.6725333950       -0.0085264746
     3264.0000000000       18.5617238575       -0.0084275049
     3278.0000000000       18.4521961548       -0.0083292518
     3292.0000000000       18.3439275406       -0.0082317409
     3306.0000000000       18.2368959025       -0.0081349953
     3320.0000000000       18.1310797357       -0.0080390364
     3334.0000000000       18.0264581189       -0.0079438835
     3348.0000000000       17.9230106907       -0.0078495543
     3362.0000000000       17.8207176282       -0.0077560647
     3376.0000000000       17.7195596252       -0.0076634289
     3390.0000000000       17.6195178733       -0.0075716599
     3404.0000000000       17.5205740421       -0.0074807689
     3418.0000000000       17.4227102617       -0.0073907659
     3432.0000000000       17.3259091054       -0.0073016598
     3446.0000000000       17.2301535736       -0.0072134581
     3460.0000000000       17.1354270779       -0.0071261670
     3474.0000000000       17.0417134267       -0.0070397920
     3488.0000000000       16.9489968111       -0.0069543372
     3502.0000000000       16.8572617910       -0.0068698061
     3516.0000000000       16.7664932829       -0.0067862011
     3530.0000000000       16.6766765473       -0.0067035238
     3544.0000000000       16.5877971772       -0.0066217749
     3558.0000000000       16.4998410869       -0.0065409544
     3572.0000000000       16.4127945013       -0.0064610619
     3586.0000000000       16.3266439459       -0.0063820958
     3600.0000000000       16.2413762371       -0.0063040543
     3614.0000000000       16.1569784724       -0.0062269349
     3628.0000000000       16.0734380224       -0.0061507345
     3642.0000000000       15.9907425215       -0.0060754496
     3656.0000000000       15.9088798600       -0.0060010762
     3670.0000000000       15.8278381767       -0.0059276097
     3684.0000000000       15.7476058507       -0.0058550454
     3698.0000000000       15.6681714947       -0.0057833780
     3712.0000000000       15.5895239482       -0.0057126019
     3726.0000000000       15.5116522706       -0.0056427112
     3740.0000000000       15.4345457348       -0.0055736996
     3754.0000000000       15.3581938217       -0.0055055608
     3768.0000000000       15.2825862138       -0.0054382879
     3782.0000000000       15.2077127897       -0.0053718739
     3796.0000000000       15.1335636189       -0.0053063118
     3810.0000000000       15.0601289565       -0.0052415941
     3824.0000000000       14.9873992380       -0.0051777132
     3838.0000000000       14.9153650749       -0.0051146615
     3852.0000000000       14.8440172498       -0.0050524311
     3866.0000000000       14.7733467122       -0.0049910140
     3880.0000000000       14.7033445737       -0.0049304021
     3894.0000000000       14.6340021045       -0.0048705873
     3908.0000000000       14.5653107288       -0.0048115612
     3922.0000000000       14.4972620217       -0.0047533155
     3936.0000000000       14.4298477046       -0.0046958418
     3950.0000000000       14.3630596423       -0.0046391315
     3964.0000000000       14.2968898393       -0.0045831763
     3978.0000000000       14.2313304364       -0.0045279676
     3992.0000000000       14.1663737075       -0.0044734966
     4006.0000000000       14.1020120567       -0.0044197550
     4020.0000000000       14.0382380148       -0.0043667341
     4034.0000000000       13.9750442368       -0.0043144253
     4048.0000000000       13.9124234990       -0.0042628199
     4062.0000000000       13.8503686962       -0.0042119095
     4076.0000000000       13.7888728389       -0.0041616854
     4090.0000000000       13.7279290509       -0.0041121392
     4104.0000000000       13.6675305669       -0.0040632622
     4118.0000000000       13.6076707300       -0.0040150461
     4132.0000000000       13.5483429892       -0.0039674824
     4146.0000000000       13.4895408973       -0.0039205627
     4160.0000000000       13.4312581086       -0.0038742786
     4174.0000000000       13.3734883772       -0.0038286219
     4188.0000000000       13.3162255540       -0.0037835843
     4202.0000000000       13.2594635855       -0.0037391577
     4216.0000000000       13.2031965118       -0.0036953338
     4230.0000000000       13.1474184641       -0.0036521046
     4244.0000000000       13.0921236634       -0.0036094622
     4258.0000000000       13.0373064186       -0.0035673986
     4272.0000000000       12.9829611245       -0.0035259059
     4286.0000000000       12.9290822604       -0.0034849763
     4300.0000000000       12.8756643884       -0.0034446022
     4314.0000000000       12.8227021514       -0.0034047758
     4328.0000000000       12.7701902723       -0.0033654897
     4342.0000000000       12.7181235516       -0.0033267362
     4356.0000000000       12.6664968665       -0.0032885080
     4370.0000000000       12.6153051694       -0.0032507978
     4384.0000000000       12.5645434862       -0.0032135982
     4398.0000000000       12.5142069152       -0.0031769021
     4412.0000000000       12.4642906254       -0.0031407025
     4426.0000000000       12.4147898558       -0.0031049922
     4440.0000000000       12.3656999134       -0.0030697644
     4454.0000000000       12.3170161726       -0.0030350122
     4468.0000000000       12.2687340736       -0.0030007288
     4482.0000000000       12.2208491212       -0.0029669075
     4496.0000000000       12.1733568839       -0.0029335418
     4510.0000000000       12.1262529925       -0.0029006250
     4524.0000000000       12.0795331392       -0.0028681508
     4538.0000000000       12.0331930764       -0.0028361128
     4552.0000000000       11.9872286155       -0.0028045047
     4566.0000000000       11.9416356265       -0.0027733203
     4580.0000000000       11.8964100360       -0.0027425535
     4594.0000000000       11.8515478270       -0.0027121982
     4608.0000000000       11.8070450379       -0.0026822486
     4622.0000000000       11.7628977609       -0.0026526986
     4636.0000000000       11.7191021418       -0.0026235426
     4650.0000000000       11.6756543789       -0.0025947748
     4664.0000000000       11.6325507218       -0.0025663896
     4678.0000000000       11.5897874709       -0.0025383813
     4692.0000000000       11.5473609764       -0.0025107446
     4706.0000000000       11.5052676376       -0.0024834740
     4720.0000000000       11.4635039018       -0.0024565641
     4734.0000000000       11.4220662640       -0.0024300098
     4748.0000000000       11.3809512655       -0.0024038058
     4762.0000000000       11.3401554937       -0.0023779471
     4776.0000000000       11.2996755811       -0.0023524285
     4790.0000000000       11.2595082044       -0.0023272452
     4804.0000000000       11.2196500842       -0.0023023922
     4818.0000000000       11.1800979840       -0.0022778648
     4832.0000000000       11.1408487096       -0.0022536581
     4846.0000000000       11.1018991083       -0.0022297675
     4860.0000000000       11.0632460685       -0.0022061884
     4874.0000000000       11.0248865190       -0.0021829163
     4888.0000000000       10.9868174280       -0.0021599466
     4902.0000000000       10.9490358029       -0.0021372749
     4916.0000000000       10.9115386897       -0.0021148970
     4930.0000000000       10.8743231720       -0.0020928085
     4944.0000000000       10.8373863708       -0.0020710053
     4958.0000000000       10.8007254438       -0.0020494830
     4972.0000000000       10.7643375846       -0.0020282378
     4986.0000000000       10.7282200227       -0.0020072655
