# UV-VIS Spectrum
# X-Axis:  Excitation Energy (nm)
# Y-Axis:  Epsilon
#                  X                   Y               DY/DX
      100.0000000000        0.0000000000        0.0000000000
      114.0000000000        0.0000000000        0.0000000000
      128.0000000000        0.0000000000        0.0000000000
      142.0000000000        0.0000000000        0.0000000000
      156.0000000000        0.0000000000        0.0000000000
      170.0000000000        0.0000000000        0.0000000000
      184.0000000000        0.0000000000        0.0000000000
      198.0000000000        0.0000000000        0.0000000000
      212.0000000000        0.0000000000        0.0000000000
      226.0000000000        0.0000000000        0.0000000000
      240.0000000000        0.0000000000        0.0000000000
      254.0000000000        0.0000000645        0.0000000000
      268.0000000000        0.0000223317        0.0000000000
      282.0000000000        0.0021903619        0.0000000006
      296.0000000000        0.0802506427        0.0000006926
      310.0000000000        1.3571011551        0.0001687136
      324.0000000000       12.4706944009        0.0111552635
      338.0000000000       70.6941981510        0.2599621255
      352.0000000000      272.9818038335        2.6291708502
      366.0000000000      776.0147274079       13.6684667568
      380.0000000000     1726.2879822415       42.0038973775
      394.0000000000     3153.8016791683       85.4560275059
      408.0000000000     4917.7531639854      125.1758245282
      422.0000000000     6751.7898497694      138.6098225778
      436.0000000000     8371.8847263667      116.8523130047
      450.0000000000     9573.3414683819       70.3912983898
      464.0000000000    10271.5950865731       19.9709261944
      478.0000000000    10488.5540479783      -18.1804779551
      492.0000000000    10311.9986410744      -39.6774267371
      506.0000000000     9854.4787696284      -48.7378424537
      520.0000000000     9224.9018021895      -51.3055532402
      534.0000000000     8514.2198270891      -51.0229509101
      548.0000000000     7791.1232725232      -48.9855952910
      562.0000000000     7103.0666415886      -45.1212453142
      576.0000000000     6479.4187371504      -39.3577927027
      590.0000000000     5935.1050551820      -32.0593044178
      604.0000000000     5474.1036515883      -23.9612061649
      618.0000000000     5092.5984778164      -15.9369145335
      632.0000000000     4781.7270547526       -8.7831575779
      646.0000000000     4529.8811198905       -3.0825748689
      660.0000000000     4324.5290579056        0.8553880271
      674.0000000000     4153.5545176238        2.9903428968
      688.0000000000     4006.1405683236        3.5022875545
      702.0000000000     3873.2602147638        2.7184671997
      716.0000000000     3747.8537074500        1.0349599990
      730.0000000000     3624.7788560668       -1.1518329980
      744.0000000000     3500.6148812291       -3.4947982119
      758.0000000000     3373.3874392686       -5.7241915452
      772.0000000000     3242.2664882342       -7.6564579313
      786.0000000000     3107.2727997270       -9.1887800005
      800.0000000000     2969.0151038933      -10.2850678902
      814.0000000000     2828.4689607577      -10.9584402383
      828.0000000000     2686.8005985682      -11.2539049839
      842.0000000000     2545.2338188432      -11.2334852445
      856.0000000000     2404.9551050110      -10.9647878532
      870.0000000000     2267.0507151410      -10.5131199091
      884.0000000000     2132.4692730582       -9.9367259193
      898.0000000000     2002.0037772634       -9.2844772091
      912.0000000000     1876.2877105693       -8.5953057263
      926.0000000000     1755.8008381917       -7.8987518934
      940.0000000000     1640.8811893690       -7.2161259111
      954.0000000000     1531.7405473753       -6.5619209045
      968.0000000000     1428.4814863375       -5.9452403993
      982.0000000000     1331.1145788873       -5.3711013969
      996.0000000000     1239.5748610459       -4.8415461131
     1010.0000000000     1153.7369932285       -4.3565432788
     1024.0000000000     1073.4288158833       -3.9146887240
     1038.0000000000      998.4431826081       -3.5137299723
     1052.0000000000      928.5480788877       -3.1509453191
     1066.0000000000      863.4951150414       -2.8234079292
     1080.0000000000      803.0265293300       -2.5281624735
     1094.0000000000      746.8808608792       -2.2623374640
     1108.0000000000      694.7974594654       -2.0232118267
     1122.0000000000      646.5199958339       -1.8082499662
     1136.0000000000      601.7991261770       -1.6151159104
     1150.0000000000      560.3944506143       -1.4416741550
     1164.0000000000      522.0758900577       -1.2859825230
     1178.0000000000      486.6245900584       -1.1462806337
     1192.0000000000      453.8334450233       -1.0209763247
     1206.0000000000      423.5073220636       -0.9086314949
     1220.0000000000      395.4630509789       -0.8079482348
     1234.0000000000      369.5292355888       -0.7177557179
     1248.0000000000      345.5459317956       -0.6369980741
     1262.0000000000      323.3642293215       -0.5647233122
     1276.0000000000      302.8457668949       -0.5000732750
     1290.0000000000      283.8622046386       -0.4422745608
     1304.0000000000      266.2946723891       -0.3906303293
     1318.0000000000      250.0332085315       -0.3445129054
     1332.0000000000      234.9762005274       -0.3033570959
     1346.0000000000      221.0298355507       -0.2666541456
     1360.0000000000      208.1075674024       -0.2339462650
     1374.0000000000      196.1296040896       -0.2048216711
     1388.0000000000      185.0224190275       -0.1789100923
     1402.0000000000      174.7182877000       -0.1558786918
     1416.0000000000      165.1548507468       -0.1354283722
     1430.0000000000      156.2747037693       -0.1172904272
     1444.0000000000      148.0250136430       -0.1012235083
     1458.0000000000      140.3571607448       -0.0870108816
     1472.0000000000      133.2264062345       -0.0744579474
     1486.0000000000      126.5915833380       -0.0633900003
     1500.0000000000      120.4148114592       -0.0536502090
     1514.0000000000      114.6612318709       -0.0450977953
     1528.0000000000      109.2987637053       -0.0376063954
     1542.0000000000      104.2978789587       -0.0310625849
     1556.0000000000       99.6313952437       -0.0253645545
     1570.0000000000       95.2742850567       -0.0204209196
     1584.0000000000       91.2035003764       -0.0161496523
     1598.0000000000       87.3978114613       -0.0124771239
     1612.0000000000       83.8376587737       -0.0093372452
     1626.0000000000       80.5050170189       -0.0066706970
     1640.0000000000       77.3832703530       -0.0044242394
     1654.0000000000       74.4570978711       -0.0025500940
     1668.0000000000       71.7123685523       -0.0010053889
     1682.0000000000       69.1360448941        0.0002483379
     1696.0000000000       66.7160945261        0.0012455836
     1710.0000000000       64.4414091472        0.0020172806
     1724.0000000000       62.3017301803        0.0025911541
     1738.0000000000       60.2875805847        0.0029920443
     1752.0000000000       58.3902023153        0.0032421943
     1766.0000000000       56.6014989528        0.0033615101
     1780.0000000000       54.9139830737        0.0033677928
     1794.0000000000       53.3207279612        0.0032769485
     1808.0000000000       51.8153232911        0.0031031767
     1822.0000000000       50.3918344598        0.0028591398
     1836.0000000000       49.0447652463        0.0025561155
     1850.0000000000       47.7690235287        0.0022041351
     1864.0000000000       46.5598897976        0.0018121067
     1878.0000000000       45.4129882319        0.0013879276
     1892.0000000000       44.3242601220        0.0009385850
     1906.0000000000       43.2899394424        0.0004702470
     1920.0000000000       42.3065303958       -0.0000116549
     1934.0000000000       41.3707867620       -0.0005023517
     1948.0000000000       40.4796929029       -0.0009976699
     1962.0000000000       39.6304462843       -0.0014939707
     1976.0000000000       38.8204413897       -0.0019880952
     1990.0000000000       38.0472549107       -0.0024773148
     2004.0000000000       37.3086321073       -0.0029592867
     2018.0000000000       36.6024742445       -0.0034320131
     2032.0000000000       35.9268270132       -0.0038938046
     2046.0000000000       35.2798698583       -0.0043432475
     2060.0000000000       34.6599061376       -0.0047791734
     2074.0000000000       34.0653540447       -0.0052006325
     2088.0000000000       33.4947382340       -0.0056068691
     2102.0000000000       32.9466820911       -0.0059972997
     2116.0000000000       32.4199005956       -0.0063714928
     2130.0000000000       31.9131937307       -0.0067291516
     2144.0000000000       31.4254403936       -0.0070700969
     2158.0000000000       30.9555927679       -0.0073942533
     2172.0000000000       30.5026711220       -0.0077016360
     2186.0000000000       30.0657589977       -0.0079923384
     2200.0000000000       29.6439987600       -0.0082665224
     2214.0000000000       29.2365874793       -0.0085244081
     2228.0000000000       28.8427731191       -0.0087662657
     2242.0000000000       28.4618510063       -0.0089924077
     2256.0000000000       28.0931605619       -0.0092031821
     2270.0000000000       27.7360822716       -0.0093989663
     2284.0000000000       27.3900348779       -0.0095801617
     2298.0000000000       27.0544727769       -0.0097471887
     2312.0000000000       26.7288836039       -0.0099004826
     2326.0000000000       26.4127859931       -0.0100404895
     2340.0000000000       26.1057274993       -0.0101676633
     2354.0000000000       25.8072826674       -0.0102824625
     2368.0000000000       25.5170512402       -0.0103853476
     2382.0000000000       25.2346564939       -0.0104767789
     2396.0000000000       24.9597436905       -0.0105572144
     2410.0000000000       24.6919786400       -0.0106271082
     2424.0000000000       24.4310463629       -0.0106869091
     2438.0000000000       24.1766498467       -0.0107370589
     2452.0000000000       23.9285088882       -0.0107779917
     2466.0000000000       23.6863590170       -0.0108101330
     2480.0000000000       23.4499504919       -0.0108338989
     2494.0000000000       23.2190473679       -0.0108496950
     2508.0000000000       22.9934266252       -0.0108579169
     2522.0000000000       22.7728773591       -0.0108589487
     2536.0000000000       22.5572000240       -0.0108531635
     2550.0000000000       22.3462057284       -0.0108409230
     2564.0000000000       22.1397155776       -0.0108225770
     2578.0000000000       21.9375600604       -0.0107984638
     2592.0000000000       21.7395784767       -0.0107689100
     2606.0000000000       21.5456184025       -0.0107342305
     2620.0000000000       21.3555351911       -0.0106947287
     2634.0000000000       21.1691915066       -0.0106506965
     2648.0000000000       20.9864568879       -0.0106024144
     2662.0000000000       20.8072073418       -0.0105501519
     2676.0000000000       20.6313249611       -0.0104941677
     2690.0000000000       20.4586975691       -0.0104347096
     2704.0000000000       20.2892183859       -0.0103720151
     2718.0000000000       20.1227857161       -0.0103063115
     2732.0000000000       19.9593026566       -0.0102378161
     2746.0000000000       19.7986768235       -0.0101667367
     2760.0000000000       19.6408200948       -0.0100932715
     2774.0000000000       19.4856483712       -0.0100176099
     2788.0000000000       19.3330813500       -0.0099399324
     2802.0000000000       19.1830423144       -0.0098604108
     2816.0000000000       19.0354579353       -0.0097792090
     2830.0000000000       18.8902580852       -0.0096964827
     2844.0000000000       18.7473756643       -0.0096123800
     2858.0000000000       18.6067464360       -0.0095270418
     2872.0000000000       18.4683088737       -0.0094406016
     2886.0000000000       18.3320040158       -0.0093531863
     2900.0000000000       18.1977753301       -0.0092649161
     2914.0000000000       18.0655685862       -0.0091759050
     2928.0000000000       17.9353317354       -0.0090862609
     2942.0000000000       17.8070147973       -0.0089960858
     2956.0000000000       17.6805697544       -0.0089054762
     2970.0000000000       17.5559504514       -0.0088145232
     2984.0000000000       17.4331125010       -0.0087233130
     2998.0000000000       17.3120131957       -0.0086319267
     3012.0000000000       17.1926114237       -0.0085404406
     3026.0000000000       17.0748675905       -0.0084489270
     3040.0000000000       16.9587435442       -0.0083574534
     3054.0000000000       16.8442025059       -0.0082660835
     3068.0000000000       16.7312090035       -0.0081748771
     3082.0000000000       16.6197288090       -0.0080838901
     3096.0000000000       16.5097288802       -0.0079931752
     3110.0000000000       16.4011773046       -0.0079027814
     3124.0000000000       16.2940432471       -0.0078127545
     3138.0000000000       16.1882969006       -0.0077231375
     3152.0000000000       16.0839094384       -0.0076339702
     3166.0000000000       15.9808529706       -0.0075452897
     3180.0000000000       15.8791005018       -0.0074571307
     3194.0000000000       15.7786258912       -0.0073695249
     3208.0000000000       15.6794038154       -0.0072825021
     3222.0000000000       15.5814097325       -0.0071960896
     3236.0000000000       15.4846198484       -0.0071103125
     3250.0000000000       15.3890110853       -0.0070251941
     3264.0000000000       15.2945610506       -0.0069407554
     3278.0000000000       15.2012480089       -0.0068570160
     3292.0000000000       15.1090508545       -0.0067739934
     3306.0000000000       15.0179490854       -0.0066917036
     3320.0000000000       14.9279227789       -0.0066101611
     3334.0000000000       14.8389525685       -0.0065293788
     3348.0000000000       14.7510196214       -0.0064493682
     3362.0000000000       14.6641056176       -0.0063701398
     3376.0000000000       14.5781927300       -0.0062917023
     3390.0000000000       14.4932636052       -0.0062140637
     3404.0000000000       14.4093013458       -0.0061372307
     3418.0000000000       14.3262894926       -0.0060612089
     3432.0000000000       14.2442120085       -0.0059860031
     3446.0000000000       14.1630532632       -0.0059116169
     3460.0000000000       14.0827980178       -0.0058380534
     3474.0000000000       14.0034314109       -0.0057653144
     3488.0000000000       13.9249389449       -0.0056934015
     3502.0000000000       13.8473064736       -0.0056223150
     3516.0000000000       13.7705201892       -0.0055520549
     3530.0000000000       13.6945666111       -0.0054826205
     3544.0000000000       13.6194325744       -0.0054140103
     3558.0000000000       13.5451052193       -0.0053462226
     3572.0000000000       13.4715719810       -0.0052792548
     3586.0000000000       13.3988205796       -0.0052131040
     3600.0000000000       13.3268390111       -0.0051477670
     3614.0000000000       13.2556155380       -0.0050832398
     3628.0000000000       13.1851386813       -0.0050195184
     3642.0000000000       13.1153972119       -0.0049565981
     3656.0000000000       13.0463801428       -0.0048944740
     3670.0000000000       12.9780767217       -0.0048331411
     3684.0000000000       12.9104764238       -0.0047725937
     3698.0000000000       12.8435689446       -0.0047128261
     3712.0000000000       12.7773441936       -0.0046538324
     3726.0000000000       12.7117922879       -0.0045956063
     3740.0000000000       12.6469035459       -0.0045381414
     3754.0000000000       12.5826684816       -0.0044814311
     3768.0000000000       12.5190777987       -0.0044254685
     3782.0000000000       12.4561223857       -0.0043702468
     3796.0000000000       12.3937933102       -0.0043157588
     3810.0000000000       12.3320818141       -0.0042619975
     3824.0000000000       12.2709793087       -0.0042089553
     3838.0000000000       12.2104773704       -0.0041566251
     3852.0000000000       12.1505677355       -0.0041049992
     3866.0000000000       12.0912422969       -0.0040540702
     3880.0000000000       12.0324930989       -0.0040038303
     3894.0000000000       11.9743123343       -0.0039542719
     3908.0000000000       11.9166923394       -0.0039053873
     3922.0000000000       11.8596255913       -0.0038571688
     3936.0000000000       11.8031047037       -0.0038096086
     3950.0000000000       11.7471224239       -0.0037626988
     3964.0000000000       11.6916716288       -0.0037164317
     3978.0000000000       11.6367453224       -0.0036707995
     3992.0000000000       11.5823366324       -0.0036257943
     4006.0000000000       11.5284388070       -0.0035814084
     4020.0000000000       11.4750452122       -0.0035376341
     4034.0000000000       11.4221493291       -0.0034944634
     4048.0000000000       11.3697447509       -0.0034518889
     4062.0000000000       11.3178251804       -0.0034099026
     4076.0000000000       11.2663844275       -0.0033684970
     4090.0000000000       11.2154164068       -0.0033276645
     4104.0000000000       11.1649151349       -0.0032873974
     4118.0000000000       11.1148747285       -0.0032476883
     4132.0000000000       11.0652894017       -0.0032085296
     4146.0000000000       11.0161534644       -0.0031699139
     4160.0000000000       10.9674613195       -0.0031318339
     4174.0000000000       10.9192074614       -0.0030942823
     4188.0000000000       10.8713864740       -0.0030572517
     4202.0000000000       10.8239930284       -0.0030207350
     4216.0000000000       10.7770218812       -0.0029847251
     4230.0000000000       10.7304678729       -0.0029492148
     4244.0000000000       10.6843259259       -0.0029141972
     4258.0000000000       10.6385910427       -0.0028796654
     4272.0000000000       10.5932583046       -0.0028456125
     4286.0000000000       10.5483228698       -0.0028120318
     4300.0000000000       10.5037799718       -0.0027789164
     4314.0000000000       10.4596249181       -0.0027462598
     4328.0000000000       10.4158530884       -0.0027140553
     4342.0000000000       10.3724599335       -0.0026822966
     4356.0000000000       10.3294409735       -0.0026509771
     4370.0000000000       10.2867917969       -0.0026200905
     4384.0000000000       10.2445080588       -0.0025896306
     4398.0000000000       10.2025854798       -0.0025595912
     4412.0000000000       10.1610198449       -0.0025299661
     4426.0000000000       10.1198070018       -0.0025007493
     4440.0000000000       10.0789428603       -0.0024719348
     4454.0000000000       10.0384233905       -0.0024435168
     4468.0000000000        9.9982446224       -0.0024154894
     4482.0000000000        9.9584026438       -0.0023878469
     4496.0000000000        9.9188936001       -0.0023605836
     4510.0000000000        9.8797136930       -0.0023336939
     4524.0000000000        9.8408591789       -0.0023071724
     4538.0000000000        9.8023263689       -0.0022810136
     4552.0000000000        9.7641116268       -0.0022552121
     4566.0000000000        9.7262113688       -0.0022297626
     4580.0000000000        9.6886220624       -0.0022046599
     4594.0000000000        9.6513402252       -0.0021798989
     4608.0000000000        9.6143624246       -0.0021554746
     4622.0000000000        9.5776852761       -0.0021313818
     4636.0000000000        9.5413054432       -0.0021076156
     4650.0000000000        9.5052196361       -0.0020841713
     4664.0000000000        9.4694246113       -0.0020610440
     4678.0000000000        9.4339171700       -0.0020382291
     4692.0000000000        9.3986941585       -0.0020157217
     4706.0000000000        9.3637524661       -0.0019935175
     4720.0000000000        9.3290890257       -0.0019716118
     4734.0000000000        9.2947008118       -0.0019500002
     4748.0000000000        9.2605848407       -0.0019286783
     4762.0000000000        9.2267381695       -0.0019076418
     4776.0000000000        9.1931578951       -0.0018868865
     4790.0000000000        9.1598411542       -0.0018664082
     4804.0000000000        9.1267851219       -0.0018462027
     4818.0000000000        9.0939870116       -0.0018262659
     4832.0000000000        9.0614440741       -0.0018065939
     4846.0000000000        9.0291535970       -0.0017871828
     4860.0000000000        8.9971129044       -0.0017680286
     4874.0000000000        8.9653193558       -0.0017491275
     4888.0000000000        8.9337703458       -0.0017304758
     4902.0000000000        8.9024633035       -0.0017120697
     4916.0000000000        8.8713956922       -0.0016939056
     4930.0000000000        8.8405650082       -0.0016759799
     4944.0000000000        8.8099687809       -0.0016582891
     4958.0000000000        8.7796045720       -0.0016408296
     4972.0000000000        8.7494699750       -0.0016235981
     4986.0000000000        8.7195626147       -0.0016065912
