# UV-VIS Spectrum
# X-Axis:  Excitation Energy (nm)
# Y-Axis:  Epsilon
#                  X                   Y               DY/DX
      100.0000000000        0.0000000000        0.0000000000
      102.0000000000        0.0000000000        0.0000000000
      104.0000000000        0.0000000000        0.0000000000
      106.0000000000        0.0000000000        0.0000000000
      108.0000000000        0.0000000000        0.0000000000
      110.0000000000        0.0000000000        0.0000000000
      112.0000000000        0.0000000000        0.0000000000
      114.0000000000        0.0000000000        0.0000000000
      116.0000000000        0.0000000000        0.0000000000
      118.0000000000        0.0000000000        0.0000000000
      120.0000000000        0.0000000000        0.0000000000
      122.0000000000        0.0000000000        0.0000000000
      124.0000000000        0.0000000000        0.0000000000
      126.0000000000        0.0000000000        0.0000000000
      128.0000000000        0.0000000000        0.0000000000
      130.0000000000        0.0000000000        0.0000000000
      132.0000000000        0.0000000000        0.0000000000
      134.0000000000        0.0000000000        0.0000000000
      136.0000000000        0.0000000000        0.0000000000
      138.0000000000        0.0000000000        0.0000000000
      140.0000000000        0.0000000000        0.0000000000
      142.0000000000        0.0000000000        0.0000000000
      144.0000000000        0.0000000000        0.0000000000
      146.0000000000        0.0000000000        0.0000000000
      148.0000000000        0.0000000000        0.0000000000
      150.0000000000        0.0000000000        0.0000000000
      152.0000000000        0.0000000000        0.0000000000
      154.0000000000        0.0000000000        0.0000000000
      156.0000000000        0.0000000000        0.0000000000
      158.0000000000        0.0000000000        0.0000000000
      160.0000000000        0.0000000000        0.0000000000
      162.0000000000        0.0000000000        0.0000000000
      164.0000000000        0.0000000000        0.0000000000
      166.0000000000        0.0000000000        0.0000000000
      168.0000000000        0.0000000000        0.0000000000
      170.0000000000        0.0000000000        0.0000000000
      172.0000000000        0.0000000000        0.0000000000
      174.0000000000        0.0000000000        0.0000000000
      176.0000000000        0.0000000000        0.0000000000
      178.0000000000        0.0000000000        0.0000000000
      180.0000000000        0.0000000000        0.0000000000
      182.0000000000        0.0000000000        0.0000000000
      184.0000000000        0.0000000000        0.0000000000
      186.0000000000        0.0000000000        0.0000000000
      188.0000000000        0.0000000000        0.0000000000
      190.0000000000        0.0000000000        0.0000000000
      192.0000000000        0.0000000000        0.0000000000
      194.0000000000        0.0000000000        0.0000000000
      196.0000000000        0.0000000000        0.0000000000
      198.0000000000        0.0000000000        0.0000000000
      200.0000000000        0.0000000001        0.0000000000
      202.0000000000        0.0000000007        0.0000000000
      204.0000000000        0.0000000036        0.0000000000
      206.0000000000        0.0000000176        0.0000000000
      208.0000000000        0.0000000809        0.0000000000
      210.0000000000        0.0000003459        0.0000000000
      212.0000000000        0.0000013848        0.0000000000
      214.0000000000        0.0000052013        0.0000000000
      216.0000000000        0.0000183835        0.0000000000
      218.0000000000        0.0000613037        0.0000000000
      220.0000000000        0.0001933694        0.0000000000
      222.0000000000        0.0005783299        0.0000000000
      224.0000000000        0.0016437832        0.0000000000
      226.0000000000        0.0044497952        0.0000000001
      228.0000000000        0.0114964105        0.0000000009
      230.0000000000        0.0284032604        0.0000000057
      232.0000000000        0.0672316913        0.0000000326
      234.0000000000        0.1527416430        0.0000001712
      236.0000000000        0.3336258376        0.0000008286
      238.0000000000        0.7017580651        0.0000037061
      240.0000000000        1.4236876560        0.0000153686
      242.0000000000        2.7898748261        0.0000592679
      244.0000000000        5.2882407373        0.0002131760
      246.0000000000        9.7091283823        0.0007171220
      248.0000000000       17.2882677695        0.0022621924
      250.0000000000       29.8923200791        0.0067087314
      252.0000000000       50.2476391399        0.0187485281
      254.0000000000       82.2068633099        0.0494883160
      256.0000000000      131.0400322976        0.1236497165
      258.0000000000      203.7277701742        0.2930489131
      260.0000000000      309.2248246455        0.6600888331
      262.0000000000      458.6544270178        1.4157854584
      264.0000000000      665.3892439245        2.8966967027
      266.0000000000      944.9747295522        5.6631533784
      268.0000000000     1314.8566178295       10.5965649337
      270.0000000000     1793.8865439641       19.0059044823
      272.0000000000     2401.5978438568       32.7233585124
      274.0000000000     3157.2659546367       54.1585141617
      276.0000000000     4078.7921823909       86.2726800686
      278.0000000000     5181.4730079934      132.4341005250
      280.0000000000     6476.7365174611      196.1246003874
      282.0000000000     7970.9402322109      280.4902860856
      284.0000000000     9664.3285768852      387.7616894798
      286.0000000000    11550.2425074382      518.6066564331
      288.0000000000    13614.6586781974      671.5136440397
      290.0000000000    15836.1123664049      842.3239841655
      292.0000000000    18186.0295683843     1024.0307683777
      294.0000000000    20629.4622294069     1206.9353317336
      296.0000000000    23126.1896856770     1379.2020112118
      298.0000000000    25632.1221087353     1527.7863197640
      300.0000000000    28100.9205355090     1639.6438227458
      302.0000000000    30485.7346331063     1703.0711687670
      304.0000000000    32740.9544573152     1708.9990993552
      306.0000000000    34823.8759677893     1652.0568642190
      308.0000000000    36696.1910014242     1531.2585455608
      310.0000000000    38325.2292016953     1350.2179722661
      312.0000000000    39684.9001002185     1116.8689647679
      314.0000000000    40756.3060608502      842.7383189305
      316.0000000000    41528.0191340998      541.8778757837
      318.0000000000    41996.0353134833      229.6002804951
      320.0000000000    42163.4369164621      -78.8235716282
      322.0000000000    42039.8069705198     -369.3581083871
      324.0000000000    41640.4481726868     -630.1703569552
      326.0000000000    40985.4632324856     -852.2955245817
      328.0000000000    40098.7535738885    -1029.9712636317
      330.0000000000    39006.9900839913    -1160.6533754165
      332.0000000000    37738.6036309795    -1244.7593126591
      334.0000000000    36322.8352686725    -1285.2077126432
      336.0000000000    34788.8772179453    -1286.8317286658
      338.0000000000    33165.1266053311    -1255.7424419311
      340.0000000000    31478.5651636999    -1198.7087055216
      342.0000000000    29754.2701333772    -1122.6045335271
      344.0000000000    28015.0547699627    -1033.9576933293
      346.0000000000    26281.2313520424     -938.6160983371
      348.0000000000    24570.4854488509     -841.5338222851
      350.0000000000    22897.8474148702     -746.6671705222
      352.0000000000    21275.7455099546     -656.9636408701
      354.0000000000    19714.1245339946     -574.4226174267
      356.0000000000    18220.6142207129     -500.2057194074
      358.0000000000    16800.7326537688     -434.7761314072
      360.0000000000    15458.1114543781     -378.0491824358
      362.0000000000    14194.7312651463     -329.5401921081
      364.0000000000    13011.1579662811     -288.4995651218
      366.0000000000    11906.7719824319     -254.0288482345
      368.0000000000    10879.9848745609     -225.1746830653
      370.0000000000     9928.4390924946     -201.0001473534
      372.0000000000     9049.1882458829     -180.6348408973
      374.0000000000     8238.8565110978     -163.3062827084
      376.0000000000     7493.7768231106     -148.3558340898
      378.0000000000     6810.1083117000     -135.2425632681
      380.0000000000     6183.9340469009     -123.5383404387
      382.0000000000     5611.3405818799     -112.9171087918
      384.0000000000     5088.4810481763     -103.1408122856
      386.0000000000     4611.6236952319      -94.0439499183
      388.0000000000     4177.1877995085      -85.5182242435
      390.0000000000     3781.7688225546      -77.4982956387
      392.0000000000     3422.1545938619      -69.9492645585
      394.0000000000     3095.3341519790      -62.8561905592
      396.0000000000     2798.5007117370      -56.2157191569
      398.0000000000     2529.0500491382      -50.0297194656
      400.0000000000     2284.5754181952      -44.3007274264
      402.0000000000     2062.8599429658      -39.0289301023
      404.0000000000     1861.8672682240      -34.2104046791
      406.0000000000     1679.7311068156      -29.8363309902
      408.0000000000     1514.7441925058      -25.8929194822
      410.0000000000     1365.3470346035      -22.3618300933
      412.0000000000     1230.1167745855      -19.2208957554
      414.0000000000     1107.7563644684      -16.4450029124
      416.0000000000      997.0842205244      -14.0070177299
      418.0000000000      897.0244526236      -11.8786787941
      420.0000000000      806.5977274093      -10.0314042129
      422.0000000000      724.9127910912       -8.4369829066
      424.0000000000      651.1586533490       -7.0681367412
      426.0000000000      584.5974162521       -5.8989525101
      428.0000000000      524.5577199643       -4.9051912621
      430.0000000000      470.4287691789       -4.0644878002
      432.0000000000      421.6548997673       -3.3564560198
      434.0000000000      377.7306431995       -2.7627167426
      436.0000000000      338.1962462417       -2.2668643667
      438.0000000000      302.6336046959       -1.8543874494
      440.0000000000      270.6625720927       -1.5125566177
      442.0000000000      241.9376069324       -1.2302912347
      444.0000000000      216.1447250381       -0.9980142391
      446.0000000000      192.9987266388       -0.8075026442
      448.0000000000      172.2406708162       -0.6517394325
      450.0000000000      153.6355728136       -0.5247710420
      452.0000000000      136.9703023845       -0.4215733406
      454.0000000000      122.0516637973       -0.3379279181
      456.0000000000      108.7046403104       -0.2703096769
      458.0000000000       96.7707878910       -0.2157860488
      460.0000000000       86.1067646671       -0.1719276854
      462.0000000000       76.5829841134       -0.1367301230
      464.0000000000       68.0823812751       -0.1085457022
      466.0000000000       60.4992824693       -0.0860248854
      468.0000000000       53.7383698795       -0.0680660506
      470.0000000000       47.7137333060       -0.0537728294
      472.0000000000       42.3480020613       -0.0424180824
      474.0000000000       37.5715506358       -0.0334136517
      476.0000000000       33.3217723089       -0.0262851015
      478.0000000000       29.5424153627       -0.0206507264
      480.0000000000       26.1829769820       -0.0162041873
      482.0000000000       23.1981503046       -0.0127002097
      484.0000000000       20.5473204221       -0.0099428504
      486.0000000000       18.1941054418       -0.0077759093
      488.0000000000       16.1059389994       -0.0060751204
      490.0000000000       14.2536908678       -0.0047418132
      492.0000000000       12.6113225464       -0.0036977842
      494.0000000000       11.1555749378       -0.0028811597
      496.0000000000        9.8656854217       -0.0022430666
      498.0000000000        8.7231318309       -0.0017449614
      500.0000000000        7.7114010184       -0.0013564929
      502.0000000000        6.8157798690       -0.0010537943
      504.0000000000        6.0231667769       -0.0008181233
      506.0000000000        5.3219017554       -0.0006347809
      508.0000000000        4.7016134919       -0.0004922526
      510.0000000000        4.1530817909       -0.0003815291
      512.0000000000        3.6681139757       -0.0002955689
      514.0000000000        3.2394339357       -0.0002288741
      516.0000000000        2.8605826143       -0.0001771563
      518.0000000000        2.5258288386       -0.0001370733
      520.0000000000        2.2300894808       -0.0001060229
      522.0000000000        1.9688580377       -0.0000819805
      524.0000000000        1.7381407878       -0.0000633722
      526.0000000000        1.5343997694       -0.0000489754
      528.0000000000        1.3545018860       -0.0000378407
      530.0000000000        1.1956735154       -0.0000292318
      532.0000000000        1.0554600539       -0.0000225777
      534.0000000000        0.9316898832       -0.0000174357
      536.0000000000        0.8224422973       -0.0000134633
      538.0000000000        0.7260189719       -0.0000103949
      540.0000000000        0.6409185982       -0.0000080253
      542.0000000000        0.5658143453       -0.0000061956
      544.0000000000        0.4995338447       -0.0000047829
      546.0000000000        0.4410414241       -0.0000036923
      548.0000000000        0.3894223465       -0.0000028505
      550.0000000000        0.3438688325       -0.0000022007
      552.0000000000        0.3036676728       -0.0000016991
      554.0000000000        0.2681892511       -0.0000013120
      556.0000000000        0.2368778238       -0.0000010131
      558.0000000000        0.2092429137       -0.0000007824
      560.0000000000        0.1848516938       -0.0000006044
      562.0000000000        0.1633222495       -0.0000004669
      564.0000000000        0.1443176196       -0.0000003607
      566.0000000000        0.1275405278       -0.0000002788
      568.0000000000        0.1127287260       -0.0000002155
      570.0000000000        0.0996508792       -0.0000001666
      572.0000000000        0.0881029308       -0.0000001288
      574.0000000000        0.0779048913       -0.0000000997
      576.0000000000        0.0688980040       -0.0000000771
      578.0000000000        0.0609422415       -0.0000000597
      580.0000000000        0.0539140967       -0.0000000462
      582.0000000000        0.0477046329       -0.0000000358
      584.0000000000        0.0422177637       -0.0000000277
      586.0000000000        0.0373687349       -0.0000000215
      588.0000000000        0.0330827854       -0.0000000166
      590.0000000000        0.0292939667       -0.0000000129
      592.0000000000        0.0259441006       -0.0000000100
      594.0000000000        0.0229818613       -0.0000000078
      596.0000000000        0.0203619650       -0.0000000060
      598.0000000000        0.0180444559       -0.0000000047
      600.0000000000        0.0159940764       -0.0000000036
      602.0000000000        0.0141797122       -0.0000000028
      604.0000000000        0.0125739025       -0.0000000022
      606.0000000000        0.0111524090       -0.0000000017
      608.0000000000        0.0098938349       -0.0000000013
      610.0000000000        0.0087792903       -0.0000000010
      612.0000000000        0.0077920960       -0.0000000008
      614.0000000000        0.0069175231       -0.0000000006
      616.0000000000        0.0061425635       -0.0000000005
      618.0000000000        0.0054557268       -0.0000000004
      620.0000000000        0.0048468623       -0.0000000003
      622.0000000000        0.0043070013       -0.0000000002
      624.0000000000        0.0038282180       -0.0000000002
      626.0000000000        0.0034035075       -0.0000000001
      628.0000000000        0.0030266777       -0.0000000001
      630.0000000000        0.0026922541       -0.0000000001
      632.0000000000        0.0023953957       -0.0000000001
      634.0000000000        0.0021318209       -0.0000000001
      636.0000000000        0.0018977426       -0.0000000000
      638.0000000000        0.0016898099       -0.0000000000
      640.0000000000        0.0015050577       -0.0000000000
      642.0000000000        0.0013408617       -0.0000000000
      644.0000000000        0.0011948988       -0.0000000000
      646.0000000000        0.0010651119       -0.0000000000
      648.0000000000        0.0009496795       -0.0000000000
      650.0000000000        0.0008469878       -0.0000000000
      652.0000000000        0.0007556075       -0.0000000000
      654.0000000000        0.0006742716       -0.0000000000
      656.0000000000        0.0006018573       -0.0000000000
      658.0000000000        0.0005373694       -0.0000000000
      660.0000000000        0.0004799251       -0.0000000000
      662.0000000000        0.0004287417       -0.0000000000
      664.0000000000        0.0003831246       -0.0000000000
      666.0000000000        0.0003424577       -0.0000000000
      668.0000000000        0.0003061941       -0.0000000000
      670.0000000000        0.0002738483       -0.0000000000
      672.0000000000        0.0002449892       -0.0000000000
      674.0000000000        0.0002192341       -0.0000000000
      676.0000000000        0.0001962428       -0.0000000000
      678.0000000000        0.0001757130       -0.0000000000
      680.0000000000        0.0001573763       -0.0000000000
      682.0000000000        0.0001409938       -0.0000000000
      684.0000000000        0.0001263532       -0.0000000000
      686.0000000000        0.0001132657       -0.0000000000
      688.0000000000        0.0001015632       -0.0000000000
      690.0000000000        0.0000910963       -0.0000000000
      692.0000000000        0.0000817318       -0.0000000000
      694.0000000000        0.0000733514       -0.0000000000
      696.0000000000        0.0000658495       -0.0000000000
      698.0000000000        0.0000591321       -0.0000000000
      700.0000000000        0.0000531154       -0.0000000000
      702.0000000000        0.0000477250       -0.0000000000
      704.0000000000        0.0000428941       -0.0000000000
      706.0000000000        0.0000385635       -0.0000000000
      708.0000000000        0.0000346803       -0.0000000000
      710.0000000000        0.0000311973       -0.0000000000
      712.0000000000        0.0000280723       -0.0000000000
      714.0000000000        0.0000252678       -0.0000000000
      716.0000000000        0.0000227501       -0.0000000000
      718.0000000000        0.0000204893       -0.0000000000
      720.0000000000        0.0000184585       -0.0000000000
      722.0000000000        0.0000166340       -0.0000000000
      724.0000000000        0.0000149941       -0.0000000000
      726.0000000000        0.0000135199       -0.0000000000
      728.0000000000        0.0000121942       -0.0000000000
      730.0000000000        0.0000110017       -0.0000000000
      732.0000000000        0.0000099288       -0.0000000000
      734.0000000000        0.0000089631       -0.0000000000
      736.0000000000        0.0000080937       -0.0000000000
      738.0000000000        0.0000073107       -0.0000000000
      740.0000000000        0.0000066054       -0.0000000000
      742.0000000000        0.0000059699       -0.0000000000
      744.0000000000        0.0000053972       -0.0000000000
      746.0000000000        0.0000048807       -0.0000000000
      748.0000000000        0.0000044150       -0.0000000000
      750.0000000000        0.0000039949       -0.0000000000
      752.0000000000        0.0000036158       -0.0000000000
      754.0000000000        0.0000032736       -0.0000000000
      756.0000000000        0.0000029647       -0.0000000000
      758.0000000000        0.0000026857       -0.0000000000
      760.0000000000        0.0000024336       -0.0000000000
      762.0000000000        0.0000022059       -0.0000000000
      764.0000000000        0.0000020000       -0.0000000000
      766.0000000000        0.0000018139       -0.0000000000
      768.0000000000        0.0000016455       -0.0000000000
      770.0000000000        0.0000014932       -0.0000000000
      772.0000000000        0.0000013554       -0.0000000000
      774.0000000000        0.0000012307       -0.0000000000
      776.0000000000        0.0000011177       -0.0000000000
      778.0000000000        0.0000010154       -0.0000000000
      780.0000000000        0.0000009228       -0.0000000000
      782.0000000000        0.0000008388       -0.0000000000
      784.0000000000        0.0000007627       -0.0000000000
      786.0000000000        0.0000006937       -0.0000000000
      788.0000000000        0.0000006311       -0.0000000000
      790.0000000000        0.0000005743       -0.0000000000
      792.0000000000        0.0000005228       -0.0000000000
      794.0000000000        0.0000004760       -0.0000000000
      796.0000000000        0.0000004335       -0.0000000000
      798.0000000000        0.0000003950       -0.0000000000
      800.0000000000        0.0000003599       -0.0000000000
      802.0000000000        0.0000003281       -0.0000000000
      804.0000000000        0.0000002991       -0.0000000000
      806.0000000000        0.0000002728       -0.0000000000
      808.0000000000        0.0000002489       -0.0000000000
      810.0000000000        0.0000002271       -0.0000000000
      812.0000000000        0.0000002073       -0.0000000000
      814.0000000000        0.0000001893       -0.0000000000
      816.0000000000        0.0000001729       -0.0000000000
      818.0000000000        0.0000001579       -0.0000000000
      820.0000000000        0.0000001443       -0.0000000000
      822.0000000000        0.0000001319       -0.0000000000
      824.0000000000        0.0000001206       -0.0000000000
      826.0000000000        0.0000001103       -0.0000000000
      828.0000000000        0.0000001009       -0.0000000000
      830.0000000000        0.0000000923       -0.0000000000
      832.0000000000        0.0000000845       -0.0000000000
      834.0000000000        0.0000000773       -0.0000000000
      836.0000000000        0.0000000708       -0.0000000000
      838.0000000000        0.0000000649       -0.0000000000
      840.0000000000        0.0000000594       -0.0000000000
      842.0000000000        0.0000000545       -0.0000000000
      844.0000000000        0.0000000499       -0.0000000000
      846.0000000000        0.0000000458       -0.0000000000
      848.0000000000        0.0000000420       -0.0000000000
      850.0000000000        0.0000000385       -0.0000000000
      852.0000000000        0.0000000354       -0.0000000000
      854.0000000000        0.0000000325       -0.0000000000
      856.0000000000        0.0000000298       -0.0000000000
      858.0000000000        0.0000000274       -0.0000000000
      860.0000000000        0.0000000251       -0.0000000000
      862.0000000000        0.0000000231       -0.0000000000
      864.0000000000        0.0000000212       -0.0000000000
      866.0000000000        0.0000000195       -0.0000000000
      868.0000000000        0.0000000179       -0.0000000000
      870.0000000000        0.0000000165       -0.0000000000
      872.0000000000        0.0000000152       -0.0000000000
      874.0000000000        0.0000000140       -0.0000000000
      876.0000000000        0.0000000129       -0.0000000000
      878.0000000000        0.0000000118       -0.0000000000
      880.0000000000        0.0000000109       -0.0000000000
      882.0000000000        0.0000000100       -0.0000000000
      884.0000000000        0.0000000093       -0.0000000000
      886.0000000000        0.0000000085       -0.0000000000
      888.0000000000        0.0000000079       -0.0000000000
      890.0000000000        0.0000000072       -0.0000000000
      892.0000000000        0.0000000067       -0.0000000000
      894.0000000000        0.0000000062       -0.0000000000
      896.0000000000        0.0000000057       -0.0000000000
      898.0000000000        0.0000000052       -0.0000000000
